0,000000E+0	9,277344E-2
2,000000E-2	9,277344E-2
4,000000E-2	9,765625E-2
6,000000E-2	9,765625E-2
8,000000E-2	9,765625E-2
1,000000E-1	1,025391E-1
1,200000E-1	1,074219E-1
1,400000E-1	1,074219E-1
1,600000E-1	1,123047E-1
1,800000E-1	1,123047E-1
2,000000E-1	1,171875E-1
2,200000E-1	1,171875E-1
2,400000E-1	1,171875E-1
2,600000E-1	1,171875E-1
2,800000E-1	1,171875E-1
3,000000E-1	1,171875E-1
3,200000E-1	1,171875E-1
3,400000E-1	1,220703E-1
3,600000E-1	1,220703E-1
3,800000E-1	1,269531E-1
4,000000E-1	1,269531E-1
4,200000E-1	1,318359E-1
4,400000E-1	1,367187E-1
4,600000E-1	1,367187E-1
4,800000E-1	1,367187E-1
5,000000E-1	1,367187E-1
5,200000E-1	1,367187E-1
5,400000E-1	1,416016E-1
5,600000E-1	1,464844E-1
5,800000E-1	1,464844E-1
6,000000E-1	1,464844E-1
6,200000E-1	1,464844E-1
6,400000E-1	1,464844E-1
6,600000E-1	1,513672E-1
6,800000E-1	1,513672E-1
7,000000E-1	1,562500E-1
7,200000E-1	1,562500E-1
7,400000E-1	1,562500E-1
7,600000E-1	1,562500E-1
7,800000E-1	1,562500E-1
8,000000E-1	1,562500E-1
8,200000E-1	1,611328E-1
8,400000E-1	1,660156E-1
8,600000E-1	1,660156E-1
8,800000E-1	1,660156E-1
9,000000E-1	1,660156E-1
9,200000E-1	1,708984E-1
9,400000E-1	1,708984E-1
9,600000E-1	1,757812E-1
9,800000E-1	1,757812E-1
1,000000E+0	1,806641E-1
1,020000E+0	1,806641E-1
1,040000E+0	1,806641E-1
1,060000E+0	1,855469E-1
1,080000E+0	1,855469E-1
1,100000E+0	1,855469E-1
1,120000E+0	1,855469E-1
1,140000E+0	1,904297E-1
1,160000E+0	1,904297E-1
1,180000E+0	1,953125E-1
1,200000E+0	1,953125E-1
1,220000E+0	1,953125E-1
1,240000E+0	1,953125E-1
1,260000E+0	1,953125E-1
1,280000E+0	2,001953E-1
1,300000E+0	2,001953E-1
1,320000E+0	2,050781E-1
1,340000E+0	2,099609E-1
1,360000E+0	2,099609E-1
1,380000E+0	2,099609E-1
1,400000E+0	2,148437E-1
1,420000E+0	2,148437E-1
1,440000E+0	2,148437E-1
1,460000E+0	2,197266E-1
1,480000E+0	2,197266E-1
1,500000E+0	2,246094E-1
1,520000E+0	2,246094E-1
1,540000E+0	2,246094E-1
1,560000E+0	2,294922E-1
1,580000E+0	2,294922E-1
1,600000E+0	2,343750E-1
1,620000E+0	2,343750E-1
1,640000E+0	2,343750E-1
1,660000E+0	2,343750E-1
1,680000E+0	2,343750E-1
1,700000E+0	2,343750E-1
1,720000E+0	2,343750E-1
1,740000E+0	2,392578E-1
1,760000E+0	2,392578E-1
1,780000E+0	2,441406E-1
1,800000E+0	2,441406E-1
1,820000E+0	2,441406E-1
1,840000E+0	2,490234E-1
1,860000E+0	2,539062E-1
1,880000E+0	2,539062E-1
1,900000E+0	2,539062E-1
1,920000E+0	2,587891E-1
1,940000E+0	2,587891E-1
1,960000E+0	2,636719E-1
1,980000E+0	2,636719E-1
2,000000E+0	2,636719E-1
2,020000E+0	2,685547E-1
2,040000E+0	2,685547E-1
2,060000E+0	2,685547E-1
2,080000E+0	2,734375E-1
2,100000E+0	2,734375E-1
2,120000E+0	2,734375E-1
2,140000E+0	2,734375E-1
2,160000E+0	2,734375E-1
2,180000E+0	2,783203E-1
2,200000E+0	2,783203E-1
2,220000E+0	2,783203E-1
2,240000E+0	2,832031E-1
2,260000E+0	2,880859E-1
2,280000E+0	2,880859E-1
2,300000E+0	2,929687E-1
2,320000E+0	2,929687E-1
2,340000E+0	2,929687E-1
2,360000E+0	2,978516E-1
2,380000E+0	2,978516E-1
2,400000E+0	2,978516E-1
2,420000E+0	3,027344E-1
2,440000E+0	3,027344E-1
2,460000E+0	3,027344E-1
2,480000E+0	3,027344E-1
2,500000E+0	3,125000E-1
2,520000E+0	3,076172E-1
2,540000E+0	3,125000E-1
2,560000E+0	3,125000E-1
2,580000E+0	3,125000E-1
2,600000E+0	3,125000E-1
2,620000E+0	3,125000E-1
2,640000E+0	3,173828E-1
2,660000E+0	3,173828E-1
2,680000E+0	3,173828E-1
2,700000E+0	3,222656E-1
2,720000E+0	3,222656E-1
2,740000E+0	3,222656E-1
2,760000E+0	3,222656E-1
2,780000E+0	3,271484E-1
2,800000E+0	3,320312E-1
2,820000E+0	3,320312E-1
2,840000E+0	3,320312E-1
2,860000E+0	3,369141E-1
2,880000E+0	3,369141E-1
2,900000E+0	3,417969E-1
2,920000E+0	3,417969E-1
2,940000E+0	3,417969E-1
2,960000E+0	3,417969E-1
2,980000E+0	3,417969E-1
3,000000E+0	3,466797E-1
3,020000E+0	3,466797E-1
3,040000E+0	3,515625E-1
3,060000E+0	3,515625E-1
3,080000E+0	3,515625E-1
3,100000E+0	3,515625E-1
3,120000E+0	3,564453E-1
3,140000E+0	3,564453E-1
3,160000E+0	3,613281E-1
3,180000E+0	3,613281E-1
3,200000E+0	3,662109E-1
3,220000E+0	3,662109E-1
3,240000E+0	3,662109E-1
3,260000E+0	3,710937E-1
3,280000E+0	3,710937E-1
3,300000E+0	3,710937E-1
3,320000E+0	3,759766E-1
3,340000E+0	3,808594E-1
3,360000E+0	3,808594E-1
3,380000E+0	3,808594E-1
3,400000E+0	3,808594E-1
3,420000E+0	3,808594E-1
3,440000E+0	3,857422E-1
3,460000E+0	3,857422E-1
3,480000E+0	3,906250E-1
3,500000E+0	3,906250E-1
3,520000E+0	3,906250E-1
3,540000E+0	3,906250E-1
3,560000E+0	3,906250E-1
3,580000E+0	3,955078E-1
3,600000E+0	4,003906E-1
3,620000E+0	4,003906E-1
3,640000E+0	4,003906E-1
3,660000E+0	4,003906E-1
3,680000E+0	4,052734E-1
3,700000E+0	4,052734E-1
3,720000E+0	4,101562E-1
3,740000E+0	4,101562E-1
3,760000E+0	4,150391E-1
3,780000E+0	4,150391E-1
3,800000E+0	4,150391E-1
3,820000E+0	4,199219E-1
3,840000E+0	4,199219E-1
3,860000E+0	4,248047E-1
3,880000E+0	4,248047E-1
3,900000E+0	4,296875E-1
3,920000E+0	4,296875E-1
3,940000E+0	4,296875E-1
3,960000E+0	4,296875E-1
3,980000E+0	4,296875E-1
4,000000E+0	4,296875E-1
4,020000E+0	4,296875E-1
4,040000E+0	4,345703E-1
4,060000E+0	4,394531E-1
4,080000E+0	4,394531E-1
4,100000E+0	4,443359E-1
4,120000E+0	4,443359E-1
4,140000E+0	4,443359E-1
4,160000E+0	4,492187E-1
4,180000E+0	4,492187E-1
4,200000E+0	4,492187E-1
4,220000E+0	4,492187E-1
4,240000E+0	4,541016E-1
4,260000E+0	4,589844E-1
4,280000E+0	4,589844E-1
4,300000E+0	4,638672E-1
4,320000E+0	4,638672E-1
4,340000E+0	4,687500E-1
4,360000E+0	4,687500E-1
4,380000E+0	4,687500E-1
4,400000E+0	4,687500E-1
4,420000E+0	4,687500E-1
4,440000E+0	4,687500E-1
4,460000E+0	4,687500E-1
4,480000E+0	4,687500E-1
4,500000E+0	4,736328E-1
4,520000E+0	4,736328E-1
4,540000E+0	4,736328E-1
4,560000E+0	4,785156E-1
4,580000E+0	4,785156E-1
4,600000E+0	4,833984E-1
4,620000E+0	4,833984E-1
4,640000E+0	4,833984E-1
4,660000E+0	4,882812E-1
4,680000E+0	4,882812E-1
4,700000E+0	4,931641E-1
4,720000E+0	4,980469E-1
4,740000E+0	4,980469E-1
4,760000E+0	4,980469E-1
4,780000E+0	4,980469E-1
4,800000E+0	4,980469E-1
4,820000E+0	5,029297E-1
4,840000E+0	5,078125E-1
4,860000E+0	5,078125E-1
4,880000E+0	5,078125E-1
4,900000E+0	5,078125E-1
4,920000E+0	5,078125E-1
4,940000E+0	5,078125E-1
4,960000E+0	5,126953E-1
4,980000E+0	5,175781E-1
5,000000E+0	5,175781E-1
