0.000000E+0	1.464844E-2
2.000000E-2	3.417969E-2
4.000000E-2	5.859375E-2
6.000000E-2	7.324219E-2
8.000000E-2	9.277344E-2
1.000000E-1	1.171875E-1
1.200000E-1	1.367187E-1
1.400000E-1	1.562500E-1
1.600000E-1	1.806641E-1
1.800000E-1	1.953125E-1
2.000000E-1	2.148437E-1
2.200000E-1	2.343750E-1
2.400000E-1	2.539062E-1
2.600000E-1	2.734375E-1
2.800000E-1	2.929687E-1
3.000000E-1	3.125000E-1
3.200000E-1	3.320312E-1
3.400000E-1	3.564453E-1
3.600000E-1	3.808594E-1
3.800000E-1	3.955078E-1
4.000000E-1	4.199219E-1
4.200000E-1	4.345703E-1
4.400000E-1	4.589844E-1
4.600000E-1	4.736328E-1
4.800000E-1	4.980469E-1
5.000000E-1	5.126953E-1
5.200000E-1	5.371094E-1
5.400000E-1	5.517578E-1
5.600000E-1	5.810547E-1
5.800000E-1	6.005859E-1
6.000000E-1	6.250000E-1
6.200000E-1	6.347656E-1
6.400000E-1	6.542969E-1
6.600000E-1	6.738281E-1
6.800000E-1	6.933594E-1
7.000000E-1	7.080078E-1
7.200000E-1	7.324219E-1
7.400000E-1	7.470703E-1
7.600000E-1	7.714844E-1
7.800000E-1	7.812500E-1
8.000000E-1	8.105469E-1
8.200000E-1	8.300781E-1
8.400000E-1	8.544922E-1
8.600000E-1	8.642578E-1
8.800000E-1	8.886719E-1
9.000000E-1	9.082031E-1
9.200000E-1	9.326172E-1
9.400000E-1	9.423828E-1
9.600000E-1	9.619141E-1
9.800000E-1	9.912109E-1
1.000000E+0	1.005859E+0
1.020000E+0	1.025391E+0
1.040000E+0	1.049805E+0
1.060000E+0	1.069336E+0
1.080000E+0	1.088867E+0
1.100000E+0	1.103516E+0
1.120000E+0	1.123047E+0
1.140000E+0	1.147461E+0
1.160000E+0	1.166992E+0
1.180000E+0	1.181641E+0
1.200000E+0	1.210937E+0
1.220000E+0	1.230469E+0
1.240000E+0	1.250000E+0
1.260000E+0	1.264648E+0
1.280000E+0	1.284180E+0
1.300000E+0	1.303711E+0
1.320000E+0	1.323242E+0
1.340000E+0	1.342773E+0
1.360000E+0	1.362305E+0
1.380000E+0	1.381836E+0
1.400000E+0	1.406250E+0
1.420000E+0	1.425781E+0
1.440000E+0	1.445312E+0
1.460000E+0	1.464844E+0
1.480000E+0	1.484375E+0
1.500000E+0	1.503906E+0
1.520000E+0	1.523437E+0
1.540000E+0	1.547852E+0
1.560000E+0	1.562500E+0
1.580000E+0	1.582031E+0
1.600000E+0	1.601562E+0
1.620000E+0	1.621094E+0
1.640000E+0	1.645508E+0
1.660000E+0	1.665039E+0
1.680000E+0	1.684570E+0
1.700000E+0	1.708984E+0
1.720000E+0	1.723633E+0
1.740000E+0	1.743164E+0
1.760000E+0	1.762695E+0
1.780000E+0	1.787109E+0
1.800000E+0	1.801758E+0
1.820000E+0	1.821289E+0
1.840000E+0	1.840820E+0
1.860000E+0	1.870117E+0
1.880000E+0	1.884766E+0
1.900000E+0	1.904297E+0
1.920000E+0	1.923828E+0
1.940000E+0	1.943359E+0
1.960000E+0	1.962891E+0
1.980000E+0	1.987305E+0
2.000000E+0	2.001953E+0
2.020000E+0	2.026367E+0
2.040000E+0	2.041016E+0
2.060000E+0	2.060547E+0
2.080000E+0	2.084961E+0
2.100000E+0	2.104492E+0
2.120000E+0	2.124023E+0
2.140000E+0	2.148437E+0
2.160000E+0	2.163086E+0
2.180000E+0	2.187500E+0
2.200000E+0	2.202148E+0
2.220000E+0	2.221680E+0
2.240000E+0	2.241211E+0
2.260000E+0	2.260742E+0
2.280000E+0	2.280273E+0
2.300000E+0	2.304687E+0
2.320000E+0	2.324219E+0
2.340000E+0	2.343750E+0
2.360000E+0	2.363281E+0
2.380000E+0	2.382812E+0
2.400000E+0	2.402344E+0
2.420000E+0	2.421875E+0
2.440000E+0	2.446289E+0
2.460000E+0	2.460937E+0
2.480000E+0	2.485352E+0
2.500000E+0	2.500000E+0
2.520000E+0	2.524414E+0
2.540000E+0	2.543945E+0
2.560000E+0	2.563477E+0
2.580000E+0	2.583008E+0
2.600000E+0	2.602539E+0
2.620000E+0	2.622070E+0
2.640000E+0	2.646484E+0
2.660000E+0	2.661133E+0
2.680000E+0	2.680664E+0
2.700000E+0	2.700195E+0
2.720000E+0	2.729492E+0
2.740000E+0	2.744141E+0
2.760000E+0	2.768555E+0
2.780000E+0	2.788086E+0
2.800000E+0	2.807617E+0
2.820000E+0	2.822266E+0
2.840000E+0	2.846680E+0
2.860000E+0	2.866211E+0
2.880000E+0	2.880859E+0
2.900000E+0	2.900391E+0
2.920000E+0	2.924805E+0
2.940000E+0	2.949219E+0
2.960000E+0	2.968750E+0
2.980000E+0	2.988281E+0
3.000000E+0	3.002930E+0
3.020000E+0	3.027344E+0
3.040000E+0	3.046875E+0
3.060000E+0	3.066406E+0
3.080000E+0	3.085937E+0
3.100000E+0	3.105469E+0
3.120000E+0	3.125000E+0
3.140000E+0	3.139648E+0
3.160000E+0	3.164062E+0
3.180000E+0	3.188477E+0
3.200000E+0	3.203125E+0
3.220000E+0	3.227539E+0
3.240000E+0	3.247070E+0
3.260000E+0	3.266602E+0
3.280000E+0	3.286133E+0
3.300000E+0	3.305664E+0
3.320000E+0	3.325195E+0
3.340000E+0	3.349609E+0
3.360000E+0	3.364258E+0
3.380000E+0	3.393555E+0
3.400000E+0	3.408203E+0
3.420000E+0	3.432617E+0
3.440000E+0	3.447266E+0
3.460000E+0	3.466797E+0
3.480000E+0	3.491211E+0
3.500000E+0	3.505859E+0
3.520000E+0	3.525391E+0
3.540000E+0	3.544922E+0
3.560000E+0	3.564453E+0
3.580000E+0	3.588867E+0
3.600000E+0	3.608398E+0
3.620000E+0	3.627930E+0
3.640000E+0	3.647461E+0
3.660000E+0	3.671875E+0
3.680000E+0	3.686523E+0
3.700000E+0	3.710937E+0
3.720000E+0	3.730469E+0
3.740000E+0	3.750000E+0
3.760000E+0	3.759766E+0
3.780000E+0	3.784180E+0
3.800000E+0	3.803711E+0
3.820000E+0	3.828125E+0
3.840000E+0	3.847656E+0
3.860000E+0	3.867187E+0
3.880000E+0	3.886719E+0
3.900000E+0	3.906250E+0
3.920000E+0	3.925781E+0
3.940000E+0	3.945312E+0
3.960000E+0	3.964844E+0
3.980000E+0	3.984375E+0
4.000000E+0	4.003906E+0
4.020000E+0	4.023437E+0
4.040000E+0	4.047852E+0
4.060000E+0	4.062500E+0
4.080000E+0	4.082031E+0
4.100000E+0	4.101562E+0
4.120000E+0	4.121094E+0
4.140000E+0	4.140625E+0
4.160000E+0	4.160156E+0
4.180000E+0	4.179687E+0
4.200000E+0	4.199219E+0
4.220000E+0	4.218750E+0
4.240000E+0	4.243164E+0
4.260000E+0	4.257812E+0
4.280000E+0	4.282227E+0
4.300000E+0	4.301758E+0
4.320000E+0	4.321289E+0
4.340000E+0	4.340820E+0
4.360000E+0	4.365234E+0
4.380000E+0	4.375000E+0
4.400000E+0	4.399414E+0
4.420000E+0	4.414062E+0
4.440000E+0	4.438477E+0
4.460000E+0	4.462891E+0
4.480000E+0	4.482422E+0
4.500000E+0	4.501953E+0
4.520000E+0	4.526367E+0
4.540000E+0	4.541016E+0
4.560000E+0	4.560547E+0
4.580000E+0	4.580078E+0
4.600000E+0	4.604492E+0
4.620000E+0	4.619141E+0
4.640000E+0	4.643555E+0
4.660000E+0	4.658203E+0
4.680000E+0	4.687500E+0
4.700000E+0	4.702148E+0
4.720000E+0	4.726562E+0
4.740000E+0	4.746094E+0
4.760000E+0	4.765625E+0
4.780000E+0	4.785156E+0
4.800000E+0	4.804687E+0
4.820000E+0	4.824219E+0
4.840000E+0	4.843750E+0
4.860000E+0	4.863281E+0
4.880000E+0	4.882812E+0
4.900000E+0	4.902344E+0
4.920000E+0	4.921875E+0
4.940000E+0	4.941406E+0
4.960000E+0	4.960937E+0
4.980000E+0	4.985352E+0
5.000000E+0	5.004883E+0
