0.000000E+0	0.000000E+0
2.000000E-2	9.765625E-3
4.000000E-2	2.441406E-2
6.000000E-2	3.417969E-2
8.000000E-2	4.394531E-2
1.000000E-1	5.859375E-2
1.200000E-1	6.835937E-2
1.400000E-1	7.812500E-2
1.600000E-1	8.789062E-2
1.800000E-1	9.765625E-2
2.000000E-1	1.123047E-1
2.200000E-1	1.171875E-1
2.400000E-1	1.318359E-1
2.600000E-1	1.416016E-1
2.800000E-1	1.513672E-1
3.000000E-1	1.562500E-1
3.200000E-1	1.660156E-1
3.400000E-1	1.855469E-1
3.600000E-1	1.904297E-1
3.800000E-1	2.001953E-1
4.000000E-1	2.148437E-1
4.200000E-1	2.246094E-1
4.400000E-1	2.343750E-1
4.600000E-1	2.441406E-1
4.800000E-1	2.539062E-1
5.000000E-1	2.685547E-1
5.200000E-1	2.734375E-1
5.400000E-1	2.880859E-1
5.600000E-1	2.978516E-1
5.800000E-1	3.076172E-1
6.000000E-1	3.125000E-1
6.200000E-1	3.222656E-1
6.400000E-1	3.369141E-1
6.600000E-1	3.466797E-1
6.800000E-1	3.515625E-1
7.000000E-1	3.662109E-1
7.200000E-1	3.759766E-1
7.400000E-1	3.857422E-1
7.600000E-1	3.906250E-1
7.800000E-1	4.052734E-1
8.000000E-1	4.199219E-1
8.200000E-1	4.296875E-1
8.400000E-1	4.345703E-1
8.600000E-1	4.492187E-1
8.800000E-1	4.638672E-1
9.000000E-1	4.687500E-1
9.200000E-1	4.736328E-1
9.400000E-1	4.882812E-1
9.600000E-1	4.980469E-1
9.800000E-1	5.078125E-1
1.000000E+0	5.224609E-1
1.020000E+0	5.322266E-1
1.040000E+0	5.419922E-1
1.060000E+0	5.468750E-1
1.080000E+0	5.566406E-1
1.100000E+0	5.712891E-1
1.120000E+0	5.810547E-1
1.140000E+0	5.859375E-1
1.160000E+0	6.054687E-1
1.180000E+0	6.152344E-1
1.200000E+0	6.250000E-1
1.220000E+0	6.298828E-1
1.240000E+0	6.445312E-1
1.260000E+0	6.542969E-1
1.280000E+0	6.640625E-1
1.300000E+0	6.738281E-1
1.320000E+0	6.835937E-1
1.340000E+0	6.933594E-1
1.360000E+0	7.031250E-1
1.380000E+0	7.128906E-1
1.400000E+0	7.275391E-1
1.420000E+0	7.421875E-1
1.440000E+0	7.470703E-1
1.460000E+0	7.617187E-1
1.480000E+0	7.666016E-1
1.500000E+0	7.812500E-1
1.520000E+0	7.861328E-1
1.540000E+0	8.007812E-1
1.560000E+0	8.105469E-1
1.580000E+0	8.203125E-1
1.600000E+0	8.300781E-1
1.620000E+0	8.398437E-1
1.640000E+0	8.544922E-1
1.660000E+0	8.593750E-1
1.680000E+0	8.740234E-1
1.700000E+0	8.837891E-1
1.720000E+0	8.935547E-1
1.740000E+0	8.984375E-1
1.760000E+0	9.130859E-1
1.780000E+0	9.277344E-1
1.800000E+0	9.375000E-1
1.820000E+0	9.375000E-1
1.840000E+0	9.521484E-1
1.860000E+0	9.667969E-1
1.880000E+0	9.716797E-1
1.900000E+0	9.863281E-1
1.920000E+0	9.960937E-1
1.940000E+0	1.005859E+0
1.960000E+0	1.015625E+0
1.980000E+0	1.025391E+0
2.000000E+0	1.035156E+0
2.020000E+0	1.049805E+0
2.040000E+0	1.054687E+0
2.060000E+0	1.069336E+0
2.080000E+0	1.083984E+0
2.100000E+0	1.093750E+0
2.120000E+0	1.098633E+0
2.140000E+0	1.113281E+0
2.160000E+0	1.123047E+0
2.180000E+0	1.132812E+0
2.200000E+0	1.142578E+0
2.220000E+0	1.152344E+0
2.240000E+0	1.166992E+0
2.260000E+0	1.171875E+0
2.280000E+0	1.181641E+0
2.300000E+0	1.196289E+0
2.320000E+0	1.206055E+0
2.340000E+0	1.215820E+0
2.360000E+0	1.230469E+0
2.380000E+0	1.240234E+0
2.400000E+0	1.250000E+0
2.420000E+0	1.250000E+0
2.440000E+0	1.264648E+0
2.460000E+0	1.274414E+0
2.480000E+0	1.284180E+0
2.500000E+0	1.293945E+0
2.520000E+0	1.308594E+0
2.540000E+0	1.318359E+0
2.560000E+0	1.328125E+0
2.580000E+0	1.337891E+0
2.600000E+0	1.347656E+0
2.620000E+0	1.357422E+0
2.640000E+0	1.367187E+0
2.660000E+0	1.381836E+0
2.680000E+0	1.391602E+0
2.700000E+0	1.406250E+0
2.720000E+0	1.411133E+0
2.740000E+0	1.420898E+0
2.760000E+0	1.430664E+0
2.780000E+0	1.445312E+0
2.800000E+0	1.450195E+0
2.820000E+0	1.464844E+0
2.840000E+0	1.474609E+0
2.860000E+0	1.484375E+0
2.880000E+0	1.494141E+0
2.900000E+0	1.503906E+0
2.920000E+0	1.518555E+0
2.940000E+0	1.523437E+0
2.960000E+0	1.538086E+0
2.980000E+0	1.547852E+0
3.000000E+0	1.562500E+0
3.020000E+0	1.562500E+0
3.040000E+0	1.572266E+0
3.060000E+0	1.586914E+0
3.080000E+0	1.596680E+0
3.100000E+0	1.606445E+0
3.120000E+0	1.621094E+0
3.140000E+0	1.630859E+0
3.160000E+0	1.640625E+0
3.180000E+0	1.650391E+0
3.200000E+0	1.660156E+0
3.220000E+0	1.674805E+0
3.240000E+0	1.679687E+0
3.260000E+0	1.689453E+0
3.280000E+0	1.704102E+0
3.300000E+0	1.713867E+0
3.320000E+0	1.718750E+0
3.340000E+0	1.728516E+0
3.360000E+0	1.743164E+0
3.380000E+0	1.752930E+0
3.400000E+0	1.762695E+0
3.420000E+0	1.777344E+0
3.440000E+0	1.787109E+0
3.460000E+0	1.796875E+0
3.480000E+0	1.806641E+0
3.500000E+0	1.816406E+0
3.520000E+0	1.831055E+0
3.540000E+0	1.835937E+0
3.560000E+0	1.845703E+0
3.580000E+0	1.855469E+0
3.600000E+0	1.875000E+0
3.620000E+0	1.879883E+0
3.640000E+0	1.889648E+0
3.660000E+0	1.904297E+0
3.680000E+0	1.914062E+0
3.700000E+0	1.918945E+0
3.720000E+0	1.933594E+0
3.740000E+0	1.943359E+0
3.760000E+0	1.953125E+0
3.780000E+0	1.958008E+0
3.800000E+0	1.967773E+0
3.820000E+0	1.987305E+0
3.840000E+0	1.992187E+0
3.860000E+0	2.006836E+0
3.880000E+0	2.016602E+0
3.900000E+0	2.031250E+0
3.920000E+0	2.031250E+0
3.940000E+0	2.041016E+0
3.960000E+0	2.055664E+0
3.980000E+0	2.065430E+0
4.000000E+0	2.070312E+0
4.020000E+0	2.084961E+0
4.040000E+0	2.099609E+0
4.060000E+0	2.109375E+0
4.080000E+0	2.114258E+0
4.100000E+0	2.128906E+0
4.120000E+0	2.138672E+0
4.140000E+0	2.148437E+0
4.160000E+0	2.158203E+0
4.180000E+0	2.167969E+0
4.200000E+0	2.182617E+0
4.220000E+0	2.187500E+0
4.240000E+0	2.197266E+0
4.260000E+0	2.207031E+0
4.280000E+0	2.216797E+0
4.300000E+0	2.226562E+0
4.320000E+0	2.241211E+0
4.340000E+0	2.250977E+0
4.360000E+0	2.260742E+0
4.380000E+0	2.265625E+0
4.400000E+0	2.280273E+0
4.420000E+0	2.290039E+0
4.440000E+0	2.304687E+0
4.460000E+0	2.309570E+0
4.480000E+0	2.324219E+0
4.500000E+0	2.338867E+0
4.520000E+0	2.343750E+0
4.540000E+0	2.353516E+0
4.560000E+0	2.363281E+0
4.580000E+0	2.377930E+0
4.600000E+0	2.382812E+0
4.620000E+0	2.397461E+0
4.640000E+0	2.407227E+0
4.660000E+0	2.421875E+0
4.680000E+0	2.426758E+0
4.700000E+0	2.441406E+0
4.720000E+0	2.451172E+0
4.740000E+0	2.460937E+0
4.760000E+0	2.470703E+0
4.780000E+0	2.480469E+0
4.800000E+0	2.490234E+0
4.820000E+0	2.500000E+0
4.840000E+0	2.504883E+0
4.860000E+0	2.519531E+0
4.880000E+0	2.529297E+0
4.900000E+0	2.539062E+0
4.920000E+0	2.553711E+0
4.940000E+0	2.563477E+0
4.960000E+0	2.573242E+0
4.980000E+0	2.578125E+0
5.000000E+0	2.592773E+0
