0.000000E+0	4.882812E-3
2.000000E-2	2.929687E-2
4.000000E-2	4.882812E-2
6.000000E-2	6.835937E-2
8.000000E-2	8.789062E-2
1.000000E-1	1.074219E-1
1.200000E-1	1.318359E-1
1.400000E-1	1.513672E-1
1.600000E-1	1.660156E-1
1.800000E-1	1.904297E-1
2.000000E-1	2.099609E-1
2.200000E-1	2.343750E-1
2.400000E-1	2.490234E-1
2.600000E-1	2.734375E-1
2.800000E-1	2.880859E-1
3.000000E-1	3.125000E-1
3.200000E-1	3.222656E-1
3.400000E-1	3.515625E-1
3.600000E-1	3.710937E-1
3.800000E-1	3.906250E-1
4.000000E-1	4.101562E-1
4.200000E-1	4.296875E-1
4.400000E-1	4.541016E-1
4.600000E-1	4.687500E-1
4.800000E-1	4.931641E-1
5.000000E-1	5.078125E-1
5.200000E-1	5.322266E-1
5.400000E-1	5.468750E-1
5.600000E-1	5.761719E-1
5.800000E-1	5.908203E-1
6.000000E-1	6.152344E-1
6.200000E-1	6.298828E-1
6.400000E-1	6.542969E-1
6.600000E-1	6.689453E-1
6.800000E-1	6.933594E-1
7.000000E-1	7.031250E-1
7.200000E-1	7.275391E-1
7.400000E-1	7.421875E-1
7.600000E-1	7.666016E-1
7.800000E-1	7.861328E-1
8.000000E-1	8.056641E-1
8.200000E-1	8.251953E-1
8.400000E-1	8.496094E-1
8.600000E-1	8.642578E-1
8.800000E-1	8.837891E-1
9.000000E-1	9.033203E-1
9.200000E-1	9.277344E-1
9.400000E-1	9.375000E-1
9.600000E-1	9.619141E-1
9.800000E-1	9.863281E-1
1.000000E+0	1.005859E+0
1.020000E+0	1.025391E+0
1.040000E+0	1.044922E+0
1.060000E+0	1.064453E+0
1.080000E+0	1.088867E+0
1.100000E+0	1.098633E+0
1.120000E+0	1.123047E+0
1.140000E+0	1.142578E+0
1.160000E+0	1.162109E+0
1.180000E+0	1.181641E+0
1.200000E+0	1.210937E+0
1.220000E+0	1.225586E+0
1.240000E+0	1.250000E+0
1.260000E+0	1.259766E+0
1.280000E+0	1.279297E+0
1.300000E+0	1.303711E+0
1.320000E+0	1.323242E+0
1.340000E+0	1.337891E+0
1.360000E+0	1.362305E+0
1.380000E+0	1.381836E+0
1.400000E+0	1.401367E+0
1.420000E+0	1.420898E+0
1.440000E+0	1.445312E+0
1.460000E+0	1.464844E+0
1.480000E+0	1.484375E+0
1.500000E+0	1.503906E+0
1.520000E+0	1.523437E+0
1.540000E+0	1.542969E+0
1.560000E+0	1.562500E+0
1.580000E+0	1.582031E+0
1.600000E+0	1.601562E+0
1.620000E+0	1.621094E+0
1.640000E+0	1.645508E+0
1.660000E+0	1.669922E+0
1.680000E+0	1.684570E+0
1.700000E+0	1.708984E+0
1.720000E+0	1.723633E+0
1.740000E+0	1.748047E+0
1.760000E+0	1.762695E+0
1.780000E+0	1.787109E+0
1.800000E+0	1.801758E+0
1.820000E+0	1.826172E+0
1.840000E+0	1.845703E+0
1.860000E+0	1.875000E+0
1.880000E+0	1.884766E+0
1.900000E+0	1.904297E+0
1.920000E+0	1.928711E+0
1.940000E+0	1.948242E+0
1.960000E+0	1.962891E+0
1.980000E+0	1.987305E+0
2.000000E+0	2.006836E+0
2.020000E+0	2.026367E+0
2.040000E+0	2.041016E+0
2.060000E+0	2.065430E+0
2.080000E+0	2.089844E+0
2.100000E+0	2.109375E+0
2.120000E+0	2.128906E+0
2.140000E+0	2.148437E+0
2.160000E+0	2.172852E+0
2.180000E+0	2.187500E+0
2.200000E+0	2.207031E+0
2.220000E+0	2.226562E+0
2.240000E+0	2.246094E+0
2.260000E+0	2.265625E+0
2.280000E+0	2.285156E+0
2.300000E+0	2.309570E+0
2.320000E+0	2.333984E+0
2.340000E+0	2.348633E+0
2.360000E+0	2.368164E+0
2.380000E+0	2.387695E+0
2.400000E+0	2.416992E+0
2.420000E+0	2.426758E+0
2.440000E+0	2.451172E+0
2.460000E+0	2.465820E+0
2.480000E+0	2.490234E+0
2.500000E+0	2.509766E+0
2.520000E+0	2.534180E+0
2.540000E+0	2.553711E+0
2.560000E+0	2.573242E+0
2.580000E+0	2.587891E+0
2.600000E+0	2.607422E+0
2.620000E+0	2.631836E+0
2.640000E+0	2.651367E+0
2.660000E+0	2.670898E+0
2.680000E+0	2.690430E+0
2.700000E+0	2.709961E+0
2.720000E+0	2.734375E+0
2.740000E+0	2.749023E+0
2.760000E+0	2.773437E+0
2.780000E+0	2.792969E+0
2.800000E+0	2.812500E+0
2.820000E+0	2.832031E+0
2.840000E+0	2.851562E+0
2.860000E+0	2.871094E+0
2.880000E+0	2.890625E+0
2.900000E+0	2.910156E+0
2.920000E+0	2.929687E+0
2.940000E+0	2.958984E+0
2.960000E+0	2.973633E+0
2.980000E+0	2.998047E+0
3.000000E+0	3.007812E+0
3.020000E+0	3.037109E+0
3.040000E+0	3.051758E+0
3.060000E+0	3.076172E+0
3.080000E+0	3.095703E+0
3.100000E+0	3.120117E+0
3.120000E+0	3.129883E+0
3.140000E+0	3.144531E+0
3.160000E+0	3.173828E+0
3.180000E+0	3.198242E+0
3.200000E+0	3.212891E+0
3.220000E+0	3.237305E+0
3.240000E+0	3.256836E+0
3.260000E+0	3.276367E+0
3.280000E+0	3.291016E+0
3.300000E+0	3.315430E+0
3.320000E+0	3.334961E+0
3.340000E+0	3.359375E+0
3.360000E+0	3.374023E+0
3.380000E+0	3.398437E+0
3.400000E+0	3.417969E+0
3.420000E+0	3.437500E+0
3.440000E+0	3.457031E+0
3.460000E+0	3.476562E+0
3.480000E+0	3.500977E+0
3.500000E+0	3.515625E+0
3.520000E+0	3.535156E+0
3.540000E+0	3.554687E+0
3.560000E+0	3.579102E+0
3.580000E+0	3.593750E+0
3.600000E+0	3.623047E+0
3.620000E+0	3.642578E+0
3.640000E+0	3.662109E+0
3.660000E+0	3.681641E+0
3.680000E+0	3.701172E+0
3.700000E+0	3.720703E+0
3.720000E+0	3.745117E+0
3.740000E+0	3.754883E+0
3.760000E+0	3.774414E+0
3.780000E+0	3.793945E+0
3.800000E+0	3.818359E+0
3.820000E+0	3.837891E+0
3.840000E+0	3.862305E+0
3.860000E+0	3.881836E+0
3.880000E+0	3.901367E+0
3.900000E+0	3.920898E+0
3.920000E+0	3.940430E+0
3.940000E+0	3.959961E+0
3.960000E+0	3.984375E+0
3.980000E+0	3.999023E+0
4.000000E+0	4.018555E+0
4.020000E+0	4.038086E+0
4.040000E+0	4.062500E+0
4.060000E+0	4.077148E+0
4.080000E+0	4.096680E+0
4.100000E+0	4.116211E+0
4.120000E+0	4.140625E+0
4.140000E+0	4.155273E+0
4.160000E+0	4.179687E+0
4.180000E+0	4.194336E+0
4.200000E+0	4.218750E+0
4.220000E+0	4.233398E+0
4.240000E+0	4.257812E+0
4.260000E+0	4.277344E+0
4.280000E+0	4.296875E+0
4.300000E+0	4.316406E+0
4.320000E+0	4.335937E+0
4.340000E+0	4.360352E+0
4.360000E+0	4.375000E+0
4.380000E+0	4.394531E+0
4.400000E+0	4.414062E+0
4.420000E+0	4.433594E+0
4.440000E+0	4.448242E+0
4.460000E+0	4.482422E+0
4.480000E+0	4.501953E+0
4.500000E+0	4.521484E+0
4.520000E+0	4.541016E+0
4.540000E+0	4.560547E+0
4.560000E+0	4.575195E+0
4.580000E+0	4.604492E+0
4.600000E+0	4.619141E+0
4.620000E+0	4.638672E+0
4.640000E+0	4.648437E+0
4.660000E+0	4.663086E+0
4.680000E+0	4.697266E+0
4.700000E+0	4.721680E+0
4.720000E+0	4.741211E+0
4.740000E+0	4.765625E+0
4.760000E+0	4.780273E+0
4.780000E+0	4.804687E+0
4.800000E+0	4.824219E+0
4.820000E+0	4.843750E+0
4.840000E+0	4.858398E+0
4.860000E+0	4.868164E+0
4.880000E+0	4.882812E+0
4.900000E+0	4.921875E+0
4.920000E+0	4.946289E+0
4.940000E+0	4.960937E+0
4.960000E+0	4.985352E+0
4.980000E+0	5.000000E+0
5.000000E+0	5.024414E+0
